{
  "camera_angle_x": 0.6911112070083618,
  "frames": [
    {
      "file_path": "capture0",
      "transform_matrix": [[1, 0, 0, 0.0],
                           [0, 1, 0, 0.0],
                           [0, 0, 1, 2.5],
                           [0, 0, 0, 1]]
    },
    {
      "file_path": "capture1",
      "transform_matrix": [[1, 0, 0, 0.5],
                           [0, 1, 0, 0.0],
                           [0, 0, 1, 2.5],
                           [0, 0, 0, 1]]
    },
    {
      "file_path": "capture2",
      "transform_matrix": [[1, 0, 0, -0.5],
                           [0, 1, 0, 0.0],
                           [0, 0, 1, 2.5],
                           [0, 0, 0, 1]]
    },
    {
      "file_path": "capture3",
      "transform_matrix": [[1, 0, 0, 0.0],
                           [0, 1, 0, 0.5],
                           [0, 0, 1, 2.5],
                           [0, 0, 0, 1]]
    },
    {
      "file_path": "capture4",
      "transform_matrix": [[1, 0, 0, 0.0],
                           [0, 1, 0, -0.5],
                           [0, 0, 1, 2.5],
                           [0, 0, 0, 1]]
    },
    {
      "file_path": "capture5",
      "transform_matrix": [[0.9659, 0, 0.2588, 0.3],
                           [0, 1, 0, 0.0],
                           [-0.2588, 0, 0.9659, 2.3],
                           [0, 0, 0, 1]]
    },
    {
      "file_path": "capture6",
      "transform_matrix": [[0.866, 0, 0.5, 0.6],
                           [0, 1, 0, 0.0],
                           [-0.5, 0, 0.866, 2.0],
                           [0, 0, 0, 1]]
    },
    {
      "file_path": "capture7",
      "transform_matrix": [[0.7071, 0, 0.7071, 1.0],
                           [0, 1, 0, 0.0],
                           [-0.7071, 0, 0.7071, 1.8],
                           [0, 0, 0, 1]]
    },
    {
      "file_path": "capture8",
      "transform_matrix": [[0.5, 0, 0.866, 1.3],
                           [0, 1, 0, 0.0],
                           [-0.866, 0, 0.5, 1.5],
                           [0, 0, 0, 1]]
    },
    {
      "file_path": "capture9",
      "transform_matrix": [[0.2588, 0, 0.9659, 1.6],
                           [0, 1, 0, 0.0],
                           [-0.9659, 0, 0.2588, 1.2],
                           [0, 0, 0, 1]]
    }
  ]
}
